#    6
    1    1    1
    F    F
 2
      1      1
      2      3
    1    2   -1
         12          0
  0.100000000000000E+00
  0.499999305520921E+00  0.448795259269734E+00  0.499998453908106E+00
  0.610865425270753E+00  0.541101112961961E+00  0.500000744363948E+00
  0.389135269208327E+00  0.541103627768305E+00  0.500000801727946E+00
  0.000000000000000E+00  0.000000000000000E+00  0.000000000000000E+00
  0.000000000000000E+00  0.000000000000000E+00  0.000000000000000E+00
  0.000000000000000E+00  0.000000000000000E+00  0.000000000000000E+00
  0.000000000000000E+00  0.000000000000000E+00  0.000000000000000E+00
  0.000000000000000E+00  0.000000000000000E+00  0.000000000000000E+00
  0.000000000000000E+00  0.000000000000000E+00  0.000000000000000E+00
    0
